0
0
0
0
0
0
0
0
0
0
0
0
0
0
0
0
0
0
0
0
0
0
0
0
0
0
0
0
0
0
0
0
0
0
0
0
0
0
0
0
0
0
0
0
0
0
0
0
0
0
0
0
0
0
0
0
0
0
0
0
0
0
0
0
0
0
0
0
0
0
0
0
0
0
0
0
0
0
0
0
0
0
0
0
0
0
0
0
0
0
0
0
0
0
0
0
0
0
0
0
0
0
0
0
0
0
0
0
0
0
0
0
0
0
0
0
0
0
0
0
0
0
0
0
0
0
0
0
0
0
0
0
0
0
0
0
0
0
0
0
0
0
0
0
0
0
0
0
0
0
0
0
0
0
0
0
0
0
0
0
0
0
0
0
0
0
0
0
0
0
0
0
0
0
0
0
0
0
0
0
0
0
0
0
0
0
0
0
0
0
0
0
0
0
0
0
0
0
0
0
0
0
0
0
0
0
0
0
0
0
0
0
0
0
0
0
0
0
0
0
0
0
0
0
0
0
0
0
0
0
0
0
0
0
0
0
0
0
0
0
0
0
0
0
0
0
0
0
0
0
0
0
0
0
0
0
0
0
0
0
0
0
0
0
0
0
0
0
0
0
0
0
0
0
0
0
0
0
0
0
0
0
0
0
0
0
0
0
0
0
0
0
0
0
0
0
0
0
0
0
0
0
0
0
0
0
0
0
0
0
0
0
0
0
0
0
0
0
0
0
0
0
0
0
0
0
0
0
0
0
0
0
0
0
0
0
0
0
0
0
0
0
0
0
0
0
0
0
0
0
0
0
0
0
0
0
0
0
0
0
0
0
0
0
0
0
0
0
0
0
0
0
0
0
0
0
0
0
0
0
0
0
0
0
0
0
0
0
0
0
0
0
0
0
0
0
0
0
0
0
0
0
0
0
0
0
0
0
0
0
0
0
0
0
0
0
0
0
0
0
0
0
0
0
0
0
0
0
0
0
0
0
0
0
0
0
0
0
0
0
0
0
0
0
0
0
0
0
0
0
0
0
0
0
0
0
0
0
0
0
0
0
0
0
0
0
0
0
0
0
0
0
0
0
0
0
0
0
0
0
0
0
0
0
0
0
0
0
0
0
0
0
0
0
0
0
0
0
0
0
0
0
0
0
0
0
0
0
0
0
0
0
0
0
0
0
0
0
0
0
0
0
0
0
0
0
0
0
0
0
0
0
0
0
0
0
0
0
0
0
0
0
0
0
0
0
0
0
0
0
0
0
0
0
0
0
0
0
0
0
0
0
0
0
0
0
0
0
0
0
0
0
0
0
0
0
0
0
0
0
0
0
0
0
0
0
0
0
0
0
0
0
0
0
0
0
0
0
0
0
0
0
0
0
0
0
0
0
0
0
0
0
0
0
0
0
0
0
0
0
0
0
0
0
0
0
0
0
0
0
0
0
0
0
0
0
0
0
0
0
0
0
0
0
0
0
0
0
0
0
0
0
0
0
0
0
0
0
0
0
0
0
0
0
0
0
0
0
0
0
0
0
0
0
0
0
0
0
0
0
0
0
0
0
0
0
0
0
0
0
0
0
0
0
0
0
0
0
0
0
0
0
0
0
0
0
0
0
0
0
0
0
0
0
0
0
0
0
0
0
0
0
0
0
0
0
0
0
0
0
0
0
0
0
0
0
0
0
0
0
0
0
0
0
0
0
0
0
0
0
0
0
0
0
0
0
0
0
0
0
0
0
0
0
0
0
0
0
0
0
0
0
0
0
0
0
0
0
0
0
0
0
0
0
0
0
0
0
0
0
0
0
0
0
0
0
0
0
0
0
0
0
0
0
0
0
0
0
0
0
0
0
0
0
0
0
0
0
0
0
0
0
0
0
0
0
0
0
0
0
0
0
0
0
0
0
0
0
0
0
0
0
0
0
0
0
0
0
0
0
0
0
0
0
0
0
0
0
0
0
0
0
0
0
0
0
0
0
0
0
0
0
0
0
0
0
0
0
0
0
0
0
0
0
0
0
0
0
0
0
0
0
0
0
0
0
0
0
0
0
0
0
0
0
0
0
0
0
0
0
0
0
0
0
0
0
0
0
0
0
0
0
0
0
0
0
0
0
0
0
0
0
0
0
0
0
0
0
0
0
0
0
0
0
0
0
0
0
0
0
0
0
0
0
0
0
0
0
0
0
0
0
0
0
0
0
0
0
0
0
0
0
0
0
0
0
0
0
0
0
0
0
0
0
0
0
0
0
0
0
0
0
0
0
0
0
0
0
0
0
0
0
0
0
0
0
0
0
0
0
0
0
0
0
0
0
0
0
0
0
0
0
0
0
0
0
0
0
0
0
0
0
0
0
0
0
0
0
0
0
0
0
0
0
0
0
0
0
0
0
0
0
0
0
0
0
0
0
0
0
0
0
0
0
0
0
0
0
0
0
0
0
0
0
0
0
0
0
0
0
0
0
0
0
0
0
0
0
0
0
0
0
0
0
0
0
0
0
0
0
0
0
0
0
0
0
0
0
0
0
0
0
0
0
0
0
0
0
0
0
0
0
0
0
0
0
0
0
0
0
0
0
0
0
0
0
0
0
0
0
0
0
0
0
0
0
0
0
0
0
0
0
0
0
0
0
0
0
0
0
0
0
0
0
0
0
0
0
0
0
0
0
0
0
0
0
0
0
0
0
0
0
0
0
0
0
0
0
0
0
0
0
0
0
0
0
0
0
0
0
0
0
0
0
0
0
0
0
0
0
0
0
0
0
0
0
0
0
0
0
0
0
0
0
0
0
0
0
0
0
0
0
0
0
0
0
0
0
0
0
0
0
0
0
0
0
0
0
0
0
0
0
0
0
0
0
0
0
0
0
0
0
0
0
0
0
0
0
0
0
0
0
0
0
0
0
0
0
0
0
0
0
0
0
0
0
0
0
0
0
0
0
0
0
0
0
0
0
0
0
0
0
0
0
0
0
0
0
0
0
0
0
0
0
0
0
0
0
0
0
0
0
0
0
0
0
0
0
0
0
0
0
0
0
0
0
0
0
0
0
0
0
0
0
0
0
0
0
0
0
0
0
0
0
0
0
0
0
0
0
0
0
0
0
0
0
0
0
0
0
0
0
0
0
0
0
0
0
0
0
0
0
0
0
0
0
0
0
0
0
0
0
0
0
0
0
0
0
0
0
0
0
0
0
0
0
0
0
0
0
0
0
0
0
0
0
0
0
0
0
0
0
0
0
0
0
0
0
0
0
0
0
0
0
0
0
0
0
0
0
0
0
0
0
0
0
0
0
0
0
0
0
0
0
0
0
0
0
0
0
0
0
0
0
0
0
0
0
0
0
0
0
0
0
0
0
0
0
0
0
0
0
0
0
0
0
0
0
0
0
0
0
0
0
0
0
0
0
0
0
0
0
0
0
0
0
0
0
0
0
0
0
0
0
0
0
0
0
0
0
0
0
0
0
0
0
0
0
0
0
0
0
0
0
0
0
0
0
0
0
0
0
0
0
0
0
0
0
0
0
0
0
0
0
0
0
0
0
0
0
0
0
0
0
0
0
0
0
0
0
0
0
0
0
0
0
0
0
0
0
0
0
0
0
0
0
0
0
0
0
0
0
0
0
0
0
0
0
0
0
0
0
0
0
0
0
0
0
0
0
0
0
0
0
0
0
0
0
0
0
0
0
0
0
0
0
0
0
0
0
0
0
0
0
0
0
0
0
0
0
0
0
0
0
0
0
0
0
0
0
0
0
0
0
0
0
0
0
0
0
0
0
0
0
0
0
0
0
0
0
0
0
0
0
0
0
0
0
0
0
0
0
0
0
0
0
0
0
0
0
0
0
0
0
0
0
0
0
0
0
0
0
0
0
0
0
0
0
0
0
0
0
0
0
0
0
0
0
0
0
0
0
0
0
0
0
0
0
0
0
0
0
0
0
0
0
0
0
0
0
0
0
0
0
0
0
0
0
0
0
0
0
0
0
0
0
0
0
0
0
0
0
0
0
0
0
0
0
0
0
0
0
0
0
0
0
0
0
0
0
0
0
0
0
0
0
0
0
0
0
0
0
0
0
0
0
0
0
0
0
0
0
0
0
0
0
0
0
0
0
0
0
0
0
0
0
0
0
0
0
0
0
0
0
0
0
0
0
0
0
0
0
0
0
0
0
0
0
0
0
0
0
0
0
0
0
0
0
0
0
0
0
0
0
0
0
0
0
0
0
0
0
0
0
0
0
0
0
0
0
0
0
0
0
0
0
0
0
0
0
0
0
0
0
0
0
0
0
0
0
0
0
0
0
0
0
0
0
0
0
0
0
0
0
0
0
0
0
0
0
0
0
0
0
0
0
0
0
0
0
0
0
0
0
0
0
0
0
0
0
0
0
0
0
0
0
0
0
0
0
0
0
0
0
0
0
0
0
0
0
0
0
0
0
0
0
0
0
0
0
0
0
0
0
0
0
0
0
0
0
0
0
0
0
0
0
0
0
0
0
0
0
0
0
0
0
0
0
0
0
0
0
0
0
0
0
0
0
0
0
0
-8.90473e-07
4.56585e-06
-1.07983e-05
2.5562e-05
1.42198e-05
-1.05961e-05
6.2213e-05
4.75249e-05
1.49545e-06
-0.000291552
-0.000263248
9.25807e-05
0.000488323
-4.76145e-05
0.000447409
0.000114921
-0.000172623
-0.000495138
-6.33148e-05
-0.000306676
0.000230007
-2.8417e-06
-0.000976578
0.000447475
-2.10873e-05
-0.000420182
-0.000433348
0.000831807
0.00110608
0.000956574
0.00152091
-0.00103308
-0.00128705
0.00185276
-0.000437719
0.00207036
2.11271e-05
0.00187737
0.000818944
-9.6812e-05
0.000445911
-0.00248207
-0.00189216
0.00196716
-0.00491466
0.00378013
0.00405024
2.66057e-06
-0.00141915
-0.00155208
-0.000446002
0.000153026
-0.00248298
-0.00500235
0.00337057
0.0071314
0.00226839
0.00371185
-0.00401559
0.00392593
-0.00501119
0.00195078
0.00736881
-0.00232966
0.00196542
0.00529276
0.00618995
-0.00562783
-0.00165456
-0.00326405
0.00189564
0.00559065
-0.00613924
0.00984501
0.00387778
0.0155463
0.00196458
-0.0103731
-0.00414655
-0.00212085
0.00091101
-0.00757343
0.0082521
-0.0110976
-0.00245248
0.0053162
0.00288156
0.00714699
-0.00442605
-0.0161165
0.0179348
0.000921099
0.00222177
0.00871645
0.00794718
-0.0086341
-0.00161722
-0.0186732
0.0294278
0.00844499
0.00124051
0.0069498
0.0112592
-0.00663497
-0.00754942
-0.0104084
0.0089675
-0.0159338
0.0131724
-0.0166784
0.0298883
0.01531
0.0250426
-0.0157056
-0.00801777
-0.00322868
-0.0157318
-0.014158
0.00242119
0.0124754
0.00630424
-0.0236459
-0.00564656
-0.0279172
0.00392374
0.0133768
0.0159512
0.00530757
0.0132049
-0.00231062
0.00820804
0.0198892
0.00435946
0.0162557
0.00945541
-0.0116176
-0.0252583
0.0235359
-0.0238279
-0.00968267
0.0211932
0.00484587
0.0129519
-0.0141626
0.00989306
-0.00468393
0.0154018
0.00911451
0.00779466
-0.00440251
-0.0142185
-0.023388
0.00168502
-0.0146399
-0.0181039
0.0523203
-0.0205817
-0.000206078
-0.0250207
0.0160446
-0.00695748
-0.00422486
0.012833
0.022489
0.00634291
5.25584e-05
-0.00579006
0.0149379
-0.0188375
0.0186869
0.00360495
0.0213258
-0.0289441
0.0232979
-0.0106934
0.0147074
0.0110713
-0.0226078
-0.0170652
-0.00305998
-0.00553441
-0.00112178
0.0385196
0.00380979
-0.0203989
-0.0226088
-0.0044631
-0.0158617
-0.0133621
0.000264768
-0.00341098
0.0239962
0.021723
-0.0221232
1.53372e-05
-0.0361255
-0.00482868
0.0130508
0.0241781
-0.0193994
0.0165428
-0.0173954
-0.00377875
0.0119186
0.00730981
-0.0148039
-0.0184127
-0.00475312
-0.00782361
0.0140639
-0.00413697
-0.0101981
0.00332534
0.0144395
-0.0171814
-0.0160034
-0.0269896
0.0221884
-0.0281513
0.0414025
-0.00490869
-0.0367927
0.00755341
-0.00655345
-0.00800477
-0.0252558
0.00083415
-0.0292567
-0.0343004
0.0206347
0.0124375
-0.00371222
-0.00655959
-0.0175827
-0.0021606
0.0145572
-0.0421599
-0.0136616
-0.000865878
0.0229304
0.0114652
-0.00272352
0.00919407
-0.00562207
0.003354
0.00357814
-0.0308635
-0.00269384
-0.0295801
-0.0154108
0.0102872
0.00640709
-0.00616657
-0.00568041
-0.0172255
-0.0057019
0.000710307
-0.0413411
0.00946223
-0.00947963
0.0174987
0.00739783
-0.00728832
0.0209776
-0.0132625
-0.00395889
-0.0158529
-0.00573568
-0.0128715
-0.00349729
0.0193891
-0.0203082
0.00216777
-0.0301
-0.010237
0.00780723
-0.00281973
0.0129135
0.0236284
0.00644189
0.044693
5.62923e-05
0.0127855
-0.0338573
0.0168437
-0.0178672
0.000328542
-0.0135726
-0.0256191
0.00107877
-0.0119401
0.0235824
0.00386984
-0.0196685
-0.037201
0.02278
0.00233255
0.013241
-0.0219704
0.0112042
-0.00485854
0.0389512
0.0136872
-0.0312586
0.0370598
0.0165827
-0.0153586
-0.00529455
0.0128756
-0.011805
0.0135931
0.0073528
0.0422643
-0.00219233
-0.0163504
0.0119596
-0.0105737
-0.0296957
-0.0158806
-0.0226438
0.0200779
-0.0157291
-0.0126238
0.00504686
0.00860965
0.0420289
-0.00636001
-0.0068912
0.00138889
-0.032976
5.62923e-05
0.0239068
0.0137845
0.0196153
-0.0155142
0.034105
-0.0404875
-0.0363464
0.0156042
0.0107856
-0.0212683
0.008407
-0.00105523
-0.0111264
0.0245598
-0.032494
0.0190043
0.0110978
-0.0210196
-0.00114939
-0.0118296
-0.0152143
-0.0240276
0.00940594
-0.00731186
0.0106945
-0.0366371
-0.00893615
-0.00633852
-0.00801705
0.0181333
0.00628836
-0.0153351
0.00205621
-0.0218691
-0.00453307
0.0129227
-0.00568041
-0.0261022
0.00853903
-0.0208947
-0.0204249
-0.0142082
-0.000471832
0.0168324
-0.023303
0.0150679
0.00917872
-0.0140956
0.00111766
-0.00952773
-0.00881026
-0.0222529
-0.032366
0.00959733
-0.00620341
0.00886553
-0.0355767
-0.0147486
-0.00412776
0.0105574
0.0109924
0.0133638
-0.00182694
0.0134815
-0.032712
0.00534368
-0.00750837
-0.00577662
0.0086291
-0.0156912
-0.00571725
0.00651046
-0.0051748
0.00462825
-0.00390464
0.0234637
-0.0525443
-0.0242906
-0.00938547
0.00796792
0.0176666
0.00855132
0.0137681
0.0259682
-0.00715527
-0.011586
-0.0158857
0.0168181
-0.00782873
0.0188487
0.0243613
0.000995862
-0.031667
0.00770284
-0.00811428
0.0130885
0.00338573
-0.0240399
-0.0137343
0.0343639
0.000501513
-0.0191834
0.00762607
0.0084418
-0.00883482
0.0221434
0.000466715
0.0343967
-0.00817774
0.0034236
-0.00871508
-0.000631498
0.0148294
-0.00946939
-0.0158007
-0.0194997
0.0010235
-0.0306875
-0.0142982
0.000681649
0.005053
0.0489508
0.00138581
-0.0146647
0.00761175
0.0415345
0.0324438
0.00120363
-0.00815113
-0.0260214
-0.00415744
-0.0282362
0.044867
-0.0179491
-0.00116883
-0.0140956
-0.0113884
0.0112052
-0.0252138
0.00928209
0.018471
-0.0140199
-0.0332074
-0.0141713
-0.0293007
0.0204014
-0.00280745
0.0145152
-0.0440646
0.0581356
-0.0284727
0.0218905
-0.000147384
-0.0120496
-0.00494963
-0.0237902
0.0322893
0.0134375
-0.00782361
0.00471116
0.00365593
-0.0406246
-0.020123
0.0204198
0.00167239
0.0179265
0.00610618
-0.0368162
-0.00700174
0.00943971
0.030317
-0.0227186
-0.00568757
0.0168457
-0.019601
-0.0108112
-0.011062
-0.0203543
-0.0102288
-0.0142389
0.0283069
0.0011586
0.0367272
-0.0317581
-0.00537745
0.0199152
0.0155827
-0.000867925
0.0208353
-0.00957379
-0.0233286
-0.0176246
-0.000751247
-0.00304797
0.0126944
0.0283734
0.0165141
-0.0047347
-0.0083374
0.0289537
0.0158028
0.00308482
0.0104028
0.00737122
-0.0299496
-0.00348398
-0.0204658
-0.00625664
0.00851038
0.011498
0.0224238
-0.0244544
0.00383095
-0.0333087
0.0143095
0.0173636
0.0310856
-0.013634
0.0206204
0.0194608
-0.0271288
0.0121162
-0.00235609
0.0126228
0.00506017
0.0125583
0.00508883
0.019951
-0.023433
0.00999035
0.0174291
-0.0168979
0.00296814
-0.00819412
0.0395827
0.0468567
-0.0335103
-0.0282997
-0.0139932
0.0203881
0.00718802
0.0031145
-0.00360066
-0.000284532
-0.00904464
0.0194761
-0.0344335
0.00919305
-0.0125348
0.0543098
-0.00776936
-0.011629
-0.0153668
0.0102063
0.0362175
0.0273396
-0.0275566
0.0146135
-0.0194403
0.0244769
0.00148509
-0.0187853
-0.047437
0.0226817
0.0114151
-0.0107825
0.00501104
0.00822789
-0.0168846
0.00838244
0.0372758
0.00100814
0.0201138
-0.00552791
-0.00313906
-0.0359237
0.0199715
-0.00970787
-0.0201475
-0.0363485
-0.00298042
0.0154231
-0.00201117
-0.0124754
0.00602021
0.0241105
-0.0209878
-1.12585e-05
0.0060765
0.0189296
-0.00730572
0.028835
0.00722589
-0.00276958
0.00661281
-0.0255014
-0.0133996
-0.00685231
0.00272045
-0.0177034
-0.0173258
0.00645826
-0.0120773
0.000994839
-0.0298431
-0.0208783
0.0577662
0.00131519
-0.0344222
-0.0025526
0.0133208
0.00343486
-0.0288227
0.025088
0.0185765
0.00293437
-0.00784306
-0.00903031
-0.000761482
-0.00685436
-0.022346
0.0160136
-0.0239529
0.00885734
-0.00564151
0.00531604
0.00328031
0.00641221
0.0159113
0.00542556
-0.0125839
0.013502
-0.00894127
-0.00119033
-0.0105338
0.00478792
0.00249221
0.0320211
-0.031318
-0.0192141
0.00335912
0.014289
-0.0171159
-0.0224617
-0.00307868
0.00883789
0.0540038
0.00965874
0.020647
-0.0237554
0.0312341
0.0139953
0.0195979
-0.00538462
0.0225538
-0.021518
0.0038156
-0.0116607
0.00821459
0.041948
-0.0132533
-0.0143699
-0.0259477
-0.0124938
0.0324837
-0.0220083
0.033408
0.00670186
0.0431998
0.00682263
0.0119278
0.000743059
0.0301706
0.0145582
-0.0241934
0.0039988
-0.0230082
0.0164916
0.0245875
-0.0103025
0.00856872
0.0113363
0.0103557
0.00203676
0.0265352
0.00282076
-0.00884711
0.0360629
0.0175683
-0.0302013
-0.0364999
0.00592298
-0.000233357
0.0123178
0.0295422
-0.015375
0.0233419
0.0233368
-0.00545012
-0.00822789
0.0224494
-0.0116689
0.00148202
-0.000986651
-0.00758206
-0.0022128
0.00391283
-0.0324418
0.0137671
0.0203205
0.0141621
-0.00185151
0.0371785
-0.00681342
0.00985627
0.0005445
-0.00548901
-0.0710921
0.0024523
-0.0280653
0.0122881
0.000447268
0.0277132
0.00129575
-0.00860147
-0.00436624
-0.00314521
-0.00254339
-0.0354724
-0.0274287
0.0275884
0.000425775
0.0155572
0.000734871
0.00924115
0.00734359
0.00667934
-0.0181957
-0.00190882
-0.0224197
0.00389133
-0.019473
-0.00355665
-0.00795257
-0.000470809
-0.000723612
-0.0064685
-0.0227667
0.0428958
-0.00204597
-0.0144344
0.0201537
-0.00468966
0.0114847
-0.00996988
-0.00346761
-0.0128746
-0.0137466
-0.0237083
0.0118859
0.0200012
-0.0238997
0.00100712
-0.0117027
-0.00109719
0.00967307
-0.00517787
0.000724636
-0.00930563
0.00115041
0.00337447
0.0353137
0.0182295
-0.00317591
0.0103762
0.0398273
-0.0277419
-0.0260981
0.00431916
0.040335
0.0174936
0.0265884
-0.020166
0.0298411
0.0271053
-0.0456254
-0.0185887
-0.00589022
-0.00757797
0.0119074
0.00093957
-0.0278934
-0.0257092
0.0340302
0.0319955
-0.000795257
0.0118173
-0.00385449
-0.00050049
0.0391283
0.0197494
0.0136893
-0.0225681
0.00917155
0.047653
-0.011586
0.00628734
0.0363321
-0.0121182
0.00221792
0.0060069
-0.0169552
0.00536108
-0.0213839
-0.0156656
0.00857486
-0.00208793
-0.00157107
0.0614784
-0.0291256
0.0162204
0.0110558
0.000899654
0.0166861
-0.0115717
-0.0148151
0.0180637
-0.00335298
-0.00135409
-0.0206542
0.0199295
-0.0221464
-0.0216244
-0.0090385
0.0243234
0.0127436
0.00656471
0.00908763
0.00751349
0.00168365
-0.00356279
-0.0125266
0.00962496
0.00266723
-0.0217329
0.00550641
-0.0036242
0.0163309
-0.0180289
-0.00255567
0.00426389
0.00284634
-0.0667914
0.0361683
-0.023129
0.0178805
-0.017248
0.0130813
0.0114724
-0.0166605
0.00479815
0.0155889
-0.00975597
0.0122461
0.0021084
-0.00855746
-0.00589022
-0.00216367
-0.0028095
0.0230645
-0.0233736
-0.0155131
-0.020908
0.0171589
0.00710307
-0.0199162
-0.0139472
0.0559443
-0.0337426
-0.013505
0.0112738
-0.00687687
-0.0298063
0.0126965
-0.00753089
0.00654936
0.0348235
0.0214965
-0.0031493
-0.0114243
0.000692907
0.0224658
0.00447063
0.0166298
0.00766804
0.0231505
-0.0196511
0.010845
-0.0135767
-0.021346
-0.000509701
0.0279292
-0.0220676
-0.020211
-0.0115133
0.053272
-0.00153832
-0.00193953
0.000276344
-0.0309086
-0.0222631
0.00654014
0.0386237
-0.00715424
0.0532976
0.0100978
0.0104325
-0.0366954
0.033626
-0.0146043
0.0201823
0.000910912
-0.00226705
0.0235333
0.015331
-0.0399542
-0.00850219
-0.0159717
0.00233255
-0.00987879
0.0198927
0.0134017
-0.000739988
0.0140434
0.0174823
0.0123956
0.00306537
-0.00295893
-0.014201
-0.0174516
0.00585133
0.00504379
-0.0444505
-0.00719928
0.000861784
0.00859737
0.0176195
-0.0468332
-0.0122605
-0.00656266
-0.0152818
0.00772535
0.0402695
0.00660462
0.0205344
-0.0214392
-0.00726171
-0.00408273
-0.00680523
-0.00956867
0.00783077
0.00275014
-0.0268709
0.0476141
0.000365388
-0.0308595
-0.00651967
-0.00407556
-0.0262281
-0.0136729
-0.0277316
0.0245639
-0.00903031
0.0173032
-0.0192663
-0.040947
-0.0191916
-0.0200933
-0.00076967
-0.00436419
0.00541123
0.0404906
0.0257348
-0.00729651
0.00214934
-0.0158325
-0.0237564
-0.0266877
-0.0210236
0.018034
0.00915313
0.00223532
0.00675098
-0.0237011
-0.0123976
0.00200298
0.0440134
0.00196511
0.00196307
-0.0308697
-0.0194587
-0.0207504
0.0174199
-0.0132522
0.00663328
-0.00559546
0.0135122
-0.00483398
-0.00806515
-0.0376463
-0.0022783
-0.00513488
0.0186573
0.00478485
0.00489129
0.0495813
-0.00476131
0.0103844
0.00221996
-0.0359595
0.0135132
-0.0295391
-0.0028576
-0.00477052
0.00730981
-0.0218424
-0.0248188
0.0312801
0.0183994
0.0154476
0.0212539
0.0240215
-0.0209428
-0.0149257
0.000441127
0.00869051
-0.0110937
-0.0238843
-0.0210605
-0.018206
-0.0193031
0.0155991
0.0230307
0.0321184
0.0185754
0.0159215
-0.00567427
0.0199101
0.00382583
-0.0162531
-0.00760458
0.0178559
0.00931587
0.0113045
-0.0599196
-0.0401948
0.0391651
0.0153003
-0.00668139
-0.0370076
-0.00961166
0.0262097
0.00827497
0.0277716
0.0296323
0.00460676
0.00839063
-0.00522393
-0.0142399
0.00373372
-0.0343946
0.000265086
0.0103404
0.00216163
0.0265157
-0.00369278
0.00237963
0.00528227
-0.0109228
-0.0110548
-0.0153821
0.00287705
0.0102554
0.0530744
-0.0177577
0.00398447
0.0254452
0.000352083
0.00179726
-0.00494042
0.00111971
0.00632214
0.0271063
-0.00859635
-0.0108961
-0.0060765
-0.00975802
0.000368459
-0.00762505
0.0137722
0.00318819
-0.0263008
0.0150628
-0.0123127
0.0111735
0.014591
-0.00660565
0.0177843
-0.0212898
0.0109831
0.0299864
0.00625049
-0.0114355
-0.0289854
0.0337928
-0.0103486
0.0146626
-0.000487184
0.0407055
-0.0130291
-0.00281257
-0.0101152
0.00311757
-0.0240245
-0.0101603
-0.0128776
0.00449622
0.0329586
-0.00898118
0.00786148
-0.0279937
-0.0241341
-0.032408
-0.0165029
0.0297786
-0.0110016
0.0148141
0.0096004
-0.0118664
0.0121131
-0.0596351
-0.00856872
0.0023827
0.00485035
-0.0108388
0.0301246
0.00416461
0.0309853
-0.0215354
0.00848479
-0.00810098
-0.0100333
-0.0394773
-0.0272322
0.0164363
-0.0240819
-0.0237216
-0.00574591
-0.029097
-0.00887781
-0.000966181
-0.0219909
-0.000260992
-0.000379717
0.0220349
0.000400187
-0.0138878
-0.0320283
-0.0253807
0.0093261
-0.0253489
-0.0101101
-0.0125706
-0.0192469
-0.0117508
0.00761482
0.0232528
-0.030361
0.00346454
0.0405161
-0.0365194
-0.0194966
-0.0183206
0.0130516
-0.010803
-0.00459755
-0.00846329
-0.038417
-0.0154855
-0.00267747
-0.0263878
-0.0160546
-0.0109289
-0.000925241
0.0246049
-0.0141631
-0.000402234
-0.000848479
-0.0280561
0.00730572
0.0127589
-0.0297776
-0.0381611
0.0362308
0.0252128
0.00915211
-0.0240931
-0.0556485
-0.0135132
0.0435365
-0.0075923
-0.0469478
-0.00380229
0.0345481
-0.0278074
-0.039506
0.00475312
-0.0104786
0.0462467
-0.0182643
-0.0101316
0.0136504
0.00504277
0.0194935
-0.0296732
-0.00148919
0.0361775
-0.0392613
-0.0027573
0.0112789
0.0110026
-0.00819923
0.0122052
-0.0224473
-0.00956765
-0.00313702
0.0239682
-0.0414772
-0.0455098
0.00186072
-0.00284123
-0.000164783
-0.000986651
-0.00584826
0.0372778
0.0545575
0.011803
0.0136483
0.0140127
0.0146002
-0.000584417
-0.00599564
-0.0193093
-0.00518708
-0.0279312
-0.021431
-0.000658108
-0.0171251
0.00751554
0.0268136
0.00894434
0.00853801
0.0158857
-0.00177679
-0.00779393
-0.00756774
0.00244923
0.00149533
0.0176973
-0.0175008
0.0255721
-0.0137967
0.0094131
0.0197627
0.021607
-0.0216377
0.00981431
0.00526589
0.0135081
0.018906
0.0256406
0.00191701
0.00153115
-0.0039159
0.0255649
-0.0213
-0.00750121
-0.0117385
-0.0261862
-0.00769874
0.00621672
0.00497112
-0.000303979
0.0433072
-0.0138193
0.0169481
0.0174087
0.0432151
-0.0159717
0.00631293
-0.0311726
-0.00246151
-0.017687
0.0259231
0.0117313
0.0278657
-0.00186583
0.0263243
-0.0118234
-0.00603761
0.0203041
-0.0354683
0.00932303
0.013285
0.0273171
0.0272885
-0.0127896
-0.0111786
-0.0193277
-0.00943562
0.00986753
0.0408437
0.0190115
-0.0317499
-0.0140741
-0.0136033
-0.00641425
0.0220738
-0.0194219
-0.0142061
0.00187914
-0.0211096
0.0232231
0.0373146
-0.0365429
-0.0233541
0.0265321
0.000587487
0.0190984
0.0231668
0.0167188
0.0206716
-0.00666706
0.0256744
-0.000356177
-0.0185867
-0.0288411
-0.0192571
-0.0293201
0.0202161
-0.00850219
-0.0087857
-0.0238198
0.00254953
0.00325677
0.00480122
-0.014156
-0.0110108
-0.036548
0.00666399
-0.00773661
0.023085
-0.027008
0.028444
0.0439643
-0.00209612
-0.0221341
0.000177065
-0.0140547
0.00727194
0.00303876
0.0104693
-0.00104192
-0.00195795
-0.00801193
-0.0118449
0.0207841
-0.0244227
-0.00729549
0.0114969
-0.0141683
-0.0351592
0.0099095
0.00767623
-0.0251381
0.0067561
0.00801296
0.00197637
0.00955025
-0.0261903
0.0117037
-0.000181159
-0.0126197
0.00830568
0.0207913
0.0480522
0.0133955
-0.0182971
0.00414823
-0.0159768
-0.00282178
-0.0168324
0.0465834
0.00915825
-0.0154968
-0.0156452
0.0159502
0.0296886
0.0272005
-0.00669265
-0.0271431
-0.0247635
-0.0133965
-0.00635591
0.0133597
-0.0138889
0.0227053
0.0275597
0.0382716
0.0189644
0.00249631
0.016681
0.0358203
0.0297346
-0.0143351
-0.0168273
0.0286917
-0.0312504
-0.0100835
-0.00928619
0.00848376
0.01298
0.00714298
0.00197228
0.00729139
0.0266519
-7.36918e-05
0.00927288
-0.019731
0.0252538
0.0210779
-0.0103516
0.00233767
0.0144978
-0.0183196
0.0240204
0.0109739
0.0139155
0.026003
-0.0206357
-0.00674382
0.0168212
-0.0400044
-0.0076967
0.0396605
-0.0216193
0.0389829
-0.0198047
0.00468454
0.00975699
0.0214873
-0.00194055
-0.0193093
-0.0334417
-0.00778574
-0.0203461
0.015768
0.000209817
0.0156595
0.0103332
-0.0166676
-0.0348245
-0.0180002
0.0139359
0.0253756
0.0183513
-0.0118941
-0.00740705
-0.0414076
-0.0342012
0.00663738
0.042992
-0.0255209
0.0136842
-0.00538155
0.0102288
-0.00202959
-0.00523519
-0.0213788
-0.00186788
-0.0076404
-0.0342339
0.00160587
0.01764
-0.012459
-0.0239611
-0.0444044
-0.00576433
-0.0202345
0.0402306
0.0129964
-0.00977439
-0.00201424
-0.00708874
0.0305841
0.00302546
0.00360373
-0.0389748
0.0221352
-0.0112595
-0.00320354
-0.000383811
0.0166646
0.00681547
-0.0217094
-0.0272516
0.0319669
0.00605603
-0.00405612
-0.00853085
0.0271186
0.030971
-0.00161712
-0.00761379
-0.0140792
0.0244135
-0.0115829
-0.0232508
0.0125747
0.01995
-0.0194342
-0.0139503
-0.00399266
-0.000608981
0.0277173
0.02666
0.00915518
0.0473377
0.0386544
0.00783794
0.0114161
-0.000765576
0.0157322
-0.0123536
-0.0145316
0.00465486
0.00447882
0.00992178
-0.0190534
-0.0073221
0.0504287
0.0252456
0.022781
-0.0322657
0.0187505
0.00596085
-0.0326055
-0.00186072
-0.0113966
0.0289322
0.0155971
0.00549106
0.00253315
-0.00851549
0.016206
0.00825348
0.00947451
0.00451157
0.0465497
0.00662714
-0.00677657
0.0396953
-0.0471228
0.00355051
-0.0221577
0.0229458
0.00769772
0.00658518
-0.00833638
-0.0216858
0.0209141
-0.0184884
-0.0321368
-0.00684719
-0.0207217
0.0111541
-0.0154446
-0.00903236
0.0168887
0.0141713
-0.0156206
-0.0274829
0.0124611
0.0236325
-0.0107477
0.0111029
0.0121028
0.00976825
0.00585543
-0.0155408
-0.0181261
0.00935578
0.0133024
-0.0190882
-0.0380894
-0.00250245
-0.00721258
-0.0280479
-0.0211066
0.00581039
0.0196859
0.0328215
0.0105451
-0.0122308
-0.000382788
-0.00179214
-0.041294
-0.0363085
-0.0097877
0.0184997
-0.0109269
-0.00422295
0.0127067
-0.044998
0.00835071
0.025091
-0.0313108
0.0298677
0.017076
0.0251831
-0.0058759
0.0234115
0.0152337
0.0311624
0.0151007
-0.00155879
-0.0570702
0.0368397
-0.0258136
-0.00439899
-0.0214218
-0.0152081
0.00598643
-0.00923706
-0.00852061
0.00358736
-0.00344202
0.019688
0.000802421
0.0278473
0.0130107
0.00749916
0.0303682
-0.004138
-0.0376094
0.0223736
0.020081
-0.00989414
0.0061809
-0.0116402
0.0219325
0.00869358
-0.00135818
0.010193
0.0264635
0.020428
-0.0306691
-0.00820128
0.0255741
0.0151498
0.0213727
-0.00138684
0.00166114
0.0156012
0.00150045
-0.0125952
-0.0140424
0.00980715
0.00460164
-0.0452775
0.0127374
-0.0218353
0.0103404
0.0148745
0.026788
0.0192008
0.00491483
0.0318021
-0.010761
-0.0109514
-0.00370711
-0.014852
-0.0136125
-0.00533344
0.0166666
0.0202151
0.0281226
0.0274727
-0.00389748
0.0211393
-0.0448906
-0.044519
0.0386575
0.00572237
0.00846125
-0.000576229
0.00366309
0.000286579
-0.00219642
0.0103967
-0.0251637
-0.0249058
-0.000591581
0.00650125
0.00623617
0.00839574
0.00872429
-0.0208804
0.0238198
-0.0261698
-0.0155183
0.0432581
0.0254656
-0.00756057
-0.0561552
0.0131642
-0.00269589
0.00619625
-0.00315646
0.021736
-0.0271687
-0.0106628
0.0203287
-0.0184874
-0.00887474
0.0369595
0.0223429
-0.00768237
0.000530171
-0.00948986
0.00401518
-0.0259845
-0.00115655
0.0293252
-0.0135634
-0.0049046
-0.0136412
-0.00561081
-0.00690042
0.00338061
-0.0126187
-0.0164885
-0.0367548
-0.0224524
0.0292863
0.0319474
0.0257645
-0.0150608
0.00603863
-0.00410422
0.00931587
-0.0126832
0.017598
-0.00727399
-0.020863
-0.00829544
-0.0254011
-0.0313016
-0.00854927
0.0198374
-0.00258945
0.000803445
0.0195856
0.0199807
0.0191466
-0.0117948
0.00322401
-0.0194956
-0.05044
-0.00480736
-0.00450543
0.0204055
0.0444689
-0.0420053
0.020126
-0.0210922
0.00143597
-0.0094786
-0.00693521
-0.00685231
-0.0106802
-0.021778
-0.0166042
-0.0200278
-0.00230287
-0.00441844
0.0201496
-0.00735894
-0.0249088
0.0276784
-0.00719109
0.022999
-0.0131847
0.0076445
-0.00468864
-0.00569883
0.00368356
0.0190544
0.00313906
-0.0256949
-0.0295729
0.0305053
-0.0273468
0.0232958
-0.0124467
-0.00787888
0.0105441
-0.048306
0.000448292
-0.010889
-0.00237042
0.0210206
-0.0186972
0.0103731
0.0324684
-0.0356965
-0.0406789
-0.0239488
0.00421271
-0.0070652
0.0401825
-0.00751451
0.0135705
-0.00633647
-0.0086465
-0.00096004
0.00696285
0.013983
-0.0203011
-0.0116136
0.0201567
0.00690451
-0.0349186
0.0351643
0.00479815
-0.0176471
0.0048698
0.0110773
-0.0197934
-0.0107662
-0.00292515
-0.0244892
-0.0266795
-0.0318031
0.0498443
0.0253182
-0.0137773
-0.0159318
0.0188119
-0.0416543
0.000823915
-0.0193942
0.00149635
0.0156779
0.00894024
-0.0189101
-0.000328542
0.0253745
0.0346157
0.000154548
-0.0276313
-0.0166953
0.0186839
0.0255199
-0.0296343
-0.00774275
-0.0400013
-0.0124508
0.00911936
0.0205006
-0.0163995
-0.00386063
-0.0116034
-0.00886451
0.0131878
0.00238372
0.0288534
-0.00298145
-0.00745003
0.00562002
-0.0144937
-0.0131734
-0.0127855
-0.012238
-0.0230625
0.0149277
0.0112881
-0.0198896
0.0244084
0.0179982
-0.0284327
-0.0035935
0.0359636
-0.00229263
-0.00149738
0.00653196
-0.00513079
-0.00577764
-0.0415611
0.00616043
0.0168785
-0.00809995
-0.0100712
0.00522905
0.0016857
0.0177853
-0.0338348
0.00747869
0.0360394
-0.0288861
-0.0248812
-0.0209991
0.0150751
0.0370813
-0.00915518
0.031841
0.00667525
-0.0283038
-0.00712763
0.0220267
-0.000652991
0.0216572
0.0155776
-0.00848581
-0.022954
0.000237451
0.00396912
-0.00243285
-0.0194311
0.0105553
-0.012545
-0.00623412
-0.0154006
-0.0232231
0.0103813
0.0163135
0.0467339
0.0041032
-0.0156114
0.0188764
-0.0155725
0.0196839
0.00880924
-0.0267573
0.014855
0.0153586
0.0289957
0.01163
0.0075923
-0.016986
0.000280438
-0.0239232
-0.0165612
-0.0224381
0.00697513
-5.42453e-05
0.0161191
0.0368571
-0.00693419
0.00772945
-0.019688
-0.0238413
-0.012064
0.0225057
0.0302699
0.0037245
0.00954922
-0.0130168
0.00688609
-0.0150444
-0.00141038
0.0036457
0.0118869
0.00376544
-0.00161303
0.0302976
-0.0376729
0.00742854
0.000481043
0.0106566
0.0061768
-0.00595163
0.0207821
-0.00167342
-0.012587
0.00899449
0.0141611
-0.029271
0.0279445
-0.0183216
-0.00766804
-0.0222334
-0.000188323
0.0169092
0.030667
-0.019429
-0.0215108
-0.00369073
-0.00427208
0.0224484
-0.0266375
0.00814192
-0.00774787
0.042341
0.0132389
-0.0114591
0.0179255
-0.0179675
-0.0258638
0.0289936
-0.0176799
0.0198425
-0.0172643
0.0404578
0.0351592
-0.0077141
-0.031146
-0.0131049
-0.011193
-0.0293303
0.0077141
-0.0120711
0.0427126
0.00434065
0.00937523
0.00855132
0.00748586
-0.0181783
6.65273e-05
0.000604887
-0.0243613
-0.0102933
0.0131663
-0.0333271
-0.0176154
-0.00620239
0.0167782
0.0205283
-0.0204331
0.0188068
0.0225067
0.0133525
0.0038156
0.00574898
0.0183267
0.0300601
0.00746436
-0.0357159
0.00213706
-0.000549618
0.0116423
0.000170924
-0.0295801
-0.00271227
-0.028268
-0.00954513
-0.0216899
0.00532525
-0.01455
-0.0133188
0.0239785
-0.00809586
-0.00790447
-0.00459141
-0.00499978
-0.0155131
-0.0272342
0.0135664
0.00672437
0.0185734
0.013939
0.0160843
-0.00781644
0.0157782
-0.026615
-0.0449591
-0.0165643
0.0179521
0.00836606
-0.0393668
0.0188989
-0.00215651
-0.0127558
-0.0312453
-0.0199971
0.0254585
-0.0143054
0.0255107
-0.00706213
-0.0109013
-0.0149533
-0.00566403
-0.00058544
-0.0351018
-0.0183482
-0.019515
-0.0213982
-0.00629553
-0.00206235
-0.0160208
-0.0088686
-0.00194567
-0.0189111
0.0173339
-0.0292822
-0.010107
-0.0133239
-0.00718904
0.0178784
0.0136043
-0.0100518
-0.0208149
0.0205385
-0.0154681
0.0355409
-0.020822
-0.0137149
-0.0188753
-0.0113966
-0.0131049
0.00104397
0.0120988
0.00899654
-0.00590762
-0.0198129
0.0181763
0.00498238
0.00314623
-0.0367517
-0.0218711
0.00384835
-0.0120281
-0.0190749
-0.0199725
0.0101255
-0.00522393
0.00133464
0.0241402
-0.0378254
-0.0178047
0.0323486
0.0012937
0.0384712
0.0158744
-0.00882152
0.0257747
0.0416236
0.0059721
-0.0357671
0.00521983
0.0324049
-0.0303221
0.00754522
-0.0248566
0.0245783
0.0112185
0.0242712
-0.0126453
-0.0011371
0.00830261
-0.000428845
0.00539997
0.00755341
-0.00308584
0.00150761
-0.00453614
-0.0265116
0.0326843
-0.00116576
-0.00801705
0.00463746
0.0277675
-0.0138203
0.00272045
0.0195959
-0.0246059
0.0240327
-0.00867925
0.00304695
0.0277429
0.0252906
0.0241392
-0.0047306
0.0204136
0.0361786
0.00219131
-0.051488
0.0136668
-0.0392511
0.00524337
0.0159584
0.0104857
0.00475721
0.0319843
-0.0374334
0.010584
-0.0178631
0.0203543
-0.0336587
0.0180934
0.00111766
0.0143238
-0.0232805
-0.00283509
0.0132993
-0.0282659
-0.0132041
0.0148049
-0.0122953
0.00405816
-0.023306
0.0219847
0.000512772
0.00777243
-0.00662919
0.0286579
0.00474084
-0.0231198
0.0327345
0.0170617
0.00976109
-0.0318359
-0.0339013
-0.00222611
-0.0226111
0.0256069
-0.0103537
0.00568655
-0.00817876
0.0135112
-0.00429766
0.00256181
0.00619113
-0.00010542
-0.0157445
-0.0154292
-0.0315217
0.00579402
-0.0104806
-0.013765
0.0119555
-0.0125286
0.0294521
-0.0296231
-0.00160075
-0.00212069
-0.0035372
0.0563292
0.00600383
0.0179839
-0.0142993
0.0101869
0.00555759
-0.0162173
0.00697104
0.0161538
0.0249866
-0.0406369
0.0535473
-0.0258812
-0.00977951
-0.0291553
-0.0207371
-0.0123485
-0.00372246
0.0166298
0.00562923
0.0181732
-0.0134313
0.0132297
0.0284563
0.0234156
-0.00992178
0.0120681
0.00476642
0.0153177
-0.0333721
0.0440861
-0.025658
0.0344468
-0.0317243
0.0385132
-0.0109504
0.018817
-0.0041339
0.0214535
0.00378284
-0.00152092
0.0317018
0.0412746
-0.00539895
0.0169358
0.0167987
-0.0152481
-0.0561347
0.00723817
0.00629655
0.0176502
-0.00880003
0.0131959
0.0344847
-0.00452693
-0.0297919
-0.000917053
0.0156861
0.0248894
0.02191
0.0195478
0.00352288
0.0173022
0.00391795
0.0408478
0.0181302
0.0221352
0.0180125
-0.0399225
0.0131693
-0.0366709
-0.017468
-0.00658108
0.0147506
0.0417873
0.00804366
0.00870382
-0.00358838
0.00254748
-0.00211147
-0.0141243
0.0163156
-0.0180627
-0.00719723
0.000988698
0.00588818
-0.00254134
-0.00145337
-0.0199694
0.0379902
0.0108163
0.0137609
0.00117497
0.00730163
-0.00272148
0.0249846
-0.00359861
0.0149093
-0.0209111
0.0155879
-0.0214085
0.00323323
0.012024
-0.0428917
-0.0589462
-0.0188375
0.0167935
0.00814601
-0.0048657
-0.0272086
0.0395387
-0.0081501
0.0168539
0.011761
-0.0201414
-0.0256673
0.0218844
0.0202059
-0.0185601
-0.02165
-0.0287367
0.0095001
0.0265649
-0.000276344
-0.00427822
-0.0150894
0.000224146
-0.00886758
-0.0176973
-0.0271943
0.00491381
-0.032843
-0.0357794
0.0228987
-0.0108286
0.0127528
-0.0124324
0.00427412
-0.0190483
-0.00646543
0.0141631
-0.0134211
0.00087816
0.0157905
-0.00542453
-0.0449018
0.0374989
-0.0129472
0.00295381
0.0172357
-0.0069434
-0.0135818
0.00128142
-0.0180616
-0.0264953
-0.0137957
0.00579606
0.0122727
-0.0147936
0.0087335
-0.00149021
-0.0196665
-0.0388857
-0.0152665
0.00144108
-0.000414516
-0.0489446
-0.032714
0.0369196
0.0360701
-0.0153709
0.00444505
0.0193083
0.0356187
-0.0299107
-0.0101132
-0.0161405
0.0195641
-0.0157895
-0.00793517
0.0243152
0.00390055
-0.0154476
0.0138162
-0.0131049
0.0138561
-0.0371898
-0.0616227
0.015899
-0.0239918
-0.0406605
-0.0143822
0.0178293
0.012763
0.015073
-0.0438691
0.057282
0.00358122
-0.0220717
-0.0284849
-0.0127231
0.0108061
0.00785636
-0.0103998
0.0133965
0.0160904
-0.0384395
-0.00982762
-0.00383709
-0.0131049
0.00135613
-0.00588408
0.0135081
0.0373873
-0.0103793
-0.0165284
0.015422
-0.00703654
-0.0323251
-0.0196951
-0.0353874
-0.00685129
-0.0116392
-0.0034891
0.00415437
0.00312781
-0.00404077
0.0365532
-0.00995965
-0.0202243
0.008712
0.000587487
-0.0294102
-0.0010757
-0.0243162
0.0289363
0.00637229
-0.00163759
-0.0260572
0.039423
0.00594549
-0.024524
-0.00498034
-0.0294173
0.0153913
0.0147916
0.0105195
-0.0284512
0.000324448
-0.000124867
-0.0170269
0.00558625
0.0263172
-0.0441751
0.0147629
-0.0105686
0.0068738
0.00329668
0.0318062
0.0140741
0.00318717
0.000167853
0.0127896
-0.0389195
-0.0137282
-0.00847762
-0.0125716
-0.0258259
0.00656061
0.0119125
0.00821766
-0.00362113
0.0435375
-0.01638
-0.00279517
0.00103271
-0.0200032
-0.00198354
0.013243
-0.00621365
0.00822584
0.0147762
0.00232743
0.0258034
0.00849605
-0.00943562
0.00932099
-0.0121407
-0.000465691
-0.0280121
-0.0258177
0.00167342
0.0169071
-0.0261821
0.0175827
-0.000760458
-0.00179624
-0.0239918
0.0267808
-0.0180391
0.0199828
0.0209295
-0.0081542
0.0014636
0.0123045
-0.018209
0.0224074
-0.0286589
-0.0116024
-0.00927186
0.015203
0.0350773
0.00418917
-0.00507757
0.00540918
-0.0202796
0.00860761
-0.0299731
-0.0256908
-0.0217329
-0.0027747
-0.0109555
0.0192223
0.013853
-0.0187689
0.0400883
-0.016116
0.0194209
-0.0309014
0.0380526
0.0194935
0.0120599
0.00201117
-0.00377875
0.0153791
-0.031669
-0.0236745
-0.00972322
-0.0257276
0.0224269
-0.027051
-0.0113547
0.00317284
0.03624
0.0403739
-0.0291881
-0.0230573
0.0243961
-0.0114785
0.0108327
-0.00944688
0.000445221
0.00728013
-0.0137333
-0.0463705
0.00472753
0.00409194
0.0430411
0.0206992
0.00134999
-0.0155653
-0.00650023
0.0187883
0.00562002
0.0139656
-0.0121448
-0.000545524
-0.00238168
-0.017294
-0.0243254
-0.00773354
0.000695978
0.00352288
0.0193205
0.0262599
0.00230389
-0.0223173
-0.013546
0.0201199
-0.01947
0.00694647
0.0112892
-0.00618806
-0.0113178
-0.00126607
0.0130619
-0.00157619
-0.00856564
0.014635
0.00924115
-0.0344898
-0.000526077
-0.0169071
-0.0227534
0.00954308
-0.0142205
0.00647259
0.018556
0.0335205
0.0100528
0.0171876
-0.00527203
-0.0198886
-0.00234278
-0.00264369
0.010148
0.01015
0.0244247
0.00862091
-0.0126883
-0.0117262
-0.0363249
-0.0220134
0.0045474
-0.023522
0.003267
-0.00722486
0.0043253
-0.0117999
0.0215866
0.0428026
-0.0186
0.002091
0.0195478
0.0274297
-0.0105604
0.00112073
0.0152327
-0.011371
-0.0137814
-0.0257174
-0.00903543
0.0425539
-0.0105215
-0.0112718
0.00924422
-0.0260245
0.00484012
0.00447268
0.0283918
0.0226305
0.0175479
0.0223634
-0.0102043
0.00453102
0.0121417
-0.0240952
0.015987
-0.00976416
-0.0213317
0.0135204
-0.0144866
0.00407352
-0.0322975
0.0144108
-0.0114038
0.00861989
0.012939
0.0146145
0.0252783
0.023741
0.0024523
0.0258546
-0.0545166
0.0125307
0.00140424
0.0390904
0.024569
-0.027836
-0.00482374
-0.0325738
0.0455804
0.0122287
-0.00754419
0.0208333
-0.0191977
0.00735382
-0.00993918
-0.000437033
0.0240542
0.0294337
-0.0111397
-0.0394333
0.0434659
-0.0030142
0.00179931
-0.0296927
0.0187955
-0.0081194
0.0075401
-0.0225098
-0.019731
0.0134406
0.0122175
0.00348501
0.0295002
-0.0270254
-0.00378182
0.00115348
0.0179265
-0.00247686
0.0140311
0.0329965
0.00634875
0.0130946
-0.0194802
-0.00961985
-0.010107
0.0129022
-0.0268985
-0.00440513
-0.00793824
-0.00636615
0.0232856
-0.015203
0.0154579
-0.00532525
0.0181712
0.0194608
-0.0218813
-0.0223982
-0.0283949
0.00567427
-0.00410013
-0.00709897
-0.00335298
0.0168253
0.00429971
0.0095656
-0.0192847
0.00326905
0.00467943
0.00237656
0.00900677
0.00495884
0.00731288
0.00505096
-0.00905078
-0.000597722
-0.0215415
0.0116638
-0.0424055
-0.00636001
0.0297336
0.0247625
-0.000534265
-0.0308625
0.00549208
-0.0444443
0.013069
-0.0104755
-0.0137988
-0.00523109
0.0218619
0.00455149
-0.00214832
-0.00799556
-0.00995044
0.0301891
0.00573977
0.0180105
-0.0267276
0.000617169
-0.0175192
-0.0128643
-0.0240041
-0.00513795
0.0125798
-0.00460881
-0.00889009
-0.00790754
0.0221648
0.0266314
-0.0126545
-0.00175837
0.000604887
-0.030141
-0.0224248
0.0132655
0.00652377
-0.0173882
-0.0103496
0.024566
-0.00539485
-0.0049353
-0.0101173
0.0396585
-0.0422858
-0.00827907
-0.0282076
0.00867721
0.04003
0.0131059
0.0012415
0.00386882
0.029052
-0.0318052
-0.0239938
0.00430073
0.00903134
-0.0120895
0.0178467
-0.020821
0.0136688
-0.0104386
-0.00479918
0.0146207
-0.00808665
0.0153668
0.00198047
0.0195406
0.001176
-0.00542965
0.0122451
-0.0302177
-0.0231402
0.0149134
0.00673051
-0.00937523
-0.00254646
0.0152429
0.0226991
0.0256468
-0.0109258
0.00343281
0.0324489
0.0473766
-0.000383811
-0.0181865
-0.0266693
0.000926265
-0.00586157
-0.00655959
-0.0193369
0.00401108
0.0118685
0.0144374
0.0253602
0.0365368
0.0185662
-0.0269968
-0.00175018
0.0121366
-0.00672233
-0.00870484
-0.01516
-0.000655038
-0.00302648
-0.0198067
0.0320928
0.011543
0.0175653
0.0120916
-0.00722793
-0.0249262
-0.00905181
0.0413442
-0.00676634
0.0300714
0.00394763
-0.00315339
0.0229816
-0.0169102
0.0105144
0.0068738
0.0329893
-0.0163678
-0.0171344
-0.0262732
0.00808255
-0.0246673
0.0143361
-0.0235691
-0.00475312
0.0320232
0.0120967
0.00274911
0.0177024
-0.0261217
0.0225384
0.0192397
-0.00504277
-0.0397547
0.00779495
-0.0105901
0.0353178
-0.00285249
-0.00391692
-0.0307725
0.0209714
0.0395929
-0.0601734
0.0266907
0.00502946
0.00619625
0.00318103
0.0189419
-0.0092954
0.00565482
0.000563947
-0.0291768
-0.0216244
0.0294798
0.00607445
-0.00202857
-0.0368172
0.00854927
0.017686
0.00973857
0.0124877
-0.00181875
0.0246397
-0.0115461
0.0397332
-0.0126647
-0.0174946
0.00581756
-0.00260787
0.00668957
-0.0163381
-0.0324111
-0.0286139
0.00725659
0.00633545
0.0278227
-0.0292137
0.0189398
0.00048002
0.0339248
0.0053447
-0.00585235
0.0152245
0.00058237
0.0312248
0.0253049
-0.00714912
-0.0220175
-0.0412438
-0.024653
0.0184393
0.0240276
0.000509701
0.0117436
0.0515208
0.0105697
-0.03241
-0.012239
-0.034192
-0.0142542
-0.00401313
-0.0267419
0.0151907
-0.00304593
0.00113403
-0.00792084
0.0282219
0.0238127
0.0248167
0.0079147
0.00204188
0.0112902
0.00668446
-0.0223347
-0.0166359
0.0132666
-0.0213665
0.0106812
-0.0327263
0.0344059
0.00121182
-0.0317622
-0.000614098
0.0187013
-0.0070478
-0.00448803
0.00607957
-0.0326966
-0.0302883
-0.0138336
0.0450564
0.00941003
0.0482753
0.0213563
-0.020254
-0.0129309
-0.00864855
0.0189828
-0.0048831
-0.0397966
0.0263428
0.0142952
0.0244176
-0.0152081
-0.031362
-0.0139063
-0.0111316
-0.00276651
-0.00227728
0.0233634
0.0106996
0.0503499
-0.0036764
-0.00399573
-0.0269947
-0.0159614
-0.0182971
-0.00033673
0.00781747
0.00559853
0.00594038
-0.0114284
0.0349524
0.00963827
0.0102657
0.0353506
-0.0245875
0.00987572
-0.0156063
-0.0168764
-0.0191199
-0.00659541
0.0193144
0.0232057
0.0334325
-0.0318134
0.0354662
-0.0208261
-0.0142665
-0.0117968
-0.0099269
-0.00513693
0.0189531
-0.017381
0.00870996
0.00658723
0.0136422
0.0235005
-0.00557908
0.0135419
0.00707543
-0.0113107
-0.0301983
-0.0288493
0.0229888
0.0252057
0.0248423
-0.0371437
0.0215119
0.0149123
0.00922478
-0.0111131
0.00793005
0.00269282
-0.000581346
-0.000691884
-0.0297367
-0.0261166
-0.017599
-0.00812861
-0.00408171
-0.00384835
0.0122554
0.0290264
0.0359002
0.00125378
-0.0232938
0.000719518
-0.00869358
0.0419971
-0.00906716
0.0085595
-0.00982557
-0.0180299
-0.0236796
-0.00827395
0.0325544
0.0272649
0.00988288
0.00461085
-0.0227994
0.00282383
0.00789423
-0.0245148
0.0019907
-0.0313794
-0.0172203
0.0151447
-0.00474903
0.00229775
0.0196747
-0.002962
0.0265884
0.0126985
-0.0191138
-0.00477461
-0.0143545
0.00734768
0.0334141
-0.0188016
0.0323947
-0.00665785
-0.0080846
0.0192622
0.0131908
-0.0112482
0.00532525
0.0224586
-0.0173974
-0.0114396
0.00441127
-0.0120721
0.0166758
-0.0149216
0.0080365
-0.0189644
-0.0112237
0.000899654
0.00111254
0.0382952
-0.0131376
-0.0102022
0.00825041
0.00959016
0.0218762
-0.0380219
-0.000657085
-0.0165592
0.0185959
0.0210492
0.00886144
-0.00667013
0.0148888
-0.0175499
-0.00192827
0.0148939
-0.0268699
-0.0401917
-0.00306947
0.0159184
0.0119043
-0.000764552
0.0128162
-0.0119657
0.00353413
-0.0342779
0.00215548
0.0112093
0.0102462
-0.0219387
-0.0178037
0.0059762
-0.0143453
-0.0110599
0.00907944
-0.0065033
-0.00542658
-0.0285064
0.0130608
-0.00524542
-0.00922887
-0.000424751
-0.0142471
0.0136678
0.00339596
0.00726376
-0.0265004
0.00855029
-0.0241781
-0.0133904
0.0109852
-0.0134129
0.0129585
0.00289138
-0.026093
0.00381253
-0.0275658
0.018993
-0.0518503
-0.0322801
-0.0143863
0.00624128
0.0243981
0.0324428
-0.0249119
0.0119186
-0.00185867
-0.0117784
0.0224893
-0.00574898
0.0310304
-0.0348685
0.00478996
0.0172439
0.0201649
-0.023828
0.0199746
-0.044474
-0.0274297
-0.0127272
-0.0106863
-0.0100262
-0.00394353
-0.0104571
0.0256294
-0.0143013
-0.00195897
0.0236213
0.00295176
0.0188733
-0.00716448
0.0211659
-0.00802421
0.0179204
-0.00465589
-0.0265403
0.029272
0.0111346
0.012851
0.000300908
-0.0117743
0.0281799
-0.0112564
-0.0511503
0.0312126
0.00201015
-0.00374907
0.0139748
-0.0368571
0.0333517
-0.0216582
0.0168703
-0.00594447
0.00458731
-0.00872326
0.0123209
-0.0240286
0.0201117
-0.00637536
0.0122707
-0.0217135
0.0159144
-0.0279916
-0.00194771
0.0177044
0.00712251
0.0405489
0.0245629
-0.013067
0.0190278
0.0134549
-0.0221126
0.000924218
-0.0158918
-0.00246867
-0.0139656
-0.00957379
-0.0438087
0.0153391
0.00154036
-0.00119442
0.0130383
0.00759946
-0.0165397
-0.0138827
0.0398826
0.00659746
0.00913778
0.0135695
-0.0217493
-0.0380761
0.00344816
0.0104796
-0.0159522
0.0427678
-0.0250624
-0.0107825
-0.0093783
0.00135818
0.00947042
0.0104448
-0.0228526
0.0466581
0.0195304
-0.0205099
-0.00618704
0.000278391
-0.011806
0.021954
-0.0159277
-0.0199101
0.0240952
0.00534675
-0.0409962
-0.0514665
-0.00398243
-0.00646236
0.018034
0.0169819
-0.0197248
0.0309096
0.0197924
0.0101572
0.00794848
0.00763017
-0.0242077
0.0465896
0.0162552
-0.0244104
0.00172562
-0.00985832
-0.0173524
-0.010193
-0.0159758
0.000482067
0.0268821
-0.0457309
-0.0134191
0.0393381
0.0114263
0.0139615
-0.00191496
-0.000852573
-0.0238239
5.11748e-05
0.00109412
-0.0070437
0.0121827
-0.01664
0.026834
0.0111397
-0.0323016
-0.00142368
-0.0133618
0.000714401
0.0185427
0.00658825
-0.0218547
0.0135143
0.010802
0.0245261
-0.0277429
0.00109207
0.0140086
-0.00822891
0.0119248
0.00272148
-0.00303569
-0.0280837
0.0041554
0.00596801
-0.0131212
-0.0336423
-0.010759
0.0146033
0.0310969
-0.00805594
-0.0430329
0.0331838
0.0234391
-0.0105717
-0.0128121
0.0237124
0.0152071
0.00311552
0.0222959
-0.0163411
-0.0437709
-0.0211905
-0.0269876
0.0269589
0.015115
-0.0034062
0.00928107
-0.00621467
-0.020952
0.00764859
0.00893308
-0.00236018
-0.00424751
0.0321327
-0.00595368
0.0209868
-0.00729856
0.0108982
-0.0374283
-0.0183134
0.0292863
0.0311286
-0.0287572
-0.0024175
-0.0265986
0.0149287
0.0220973
0.00734461
-0.00471116
-0.00167342
0.00452897
-0.0277112
-0.00287296
-0.017903
0.00337242
0.00281871
0.0188282
0.00270613
0.0351592
0.0137998
-0.0202386
0.0102739
-0.0135818
-0.0105389
0.00449315
-0.00779802
-0.00194669
-0.00443686
0.015378
-0.0254298
-0.00167751
-0.0119248
0.0506651
-0.0141099
-0.00167649
0.0108399
0.0209776
0.0131489
0.0116873
-0.00227626
0.0019426
-0.0286927
0.01041
-0.0200513
-0.000817774
-0.0283867
-0.0144866
-0.0166707
0.0184045
-0.034192
0.0252855
0.0176533
0.0270183
-0.0250102
-0.000671414
0.00218107
0.0191629
-0.00881128
0.0241637
0.00853903
0.0200575
-0.0354109
-0.0105911
-0.0177116
0.000981533
0.00196921
-0.0232047
-0.00824938
0.00520346
-0.0207176
0.0179532
-0.00701505
0.0228741
-0.0199428
-0.0282813
-0.00590455
-0.0137036
0.0380106
-0.0138459
-0.0180064
0.0121428
-0.00782259
-0.0286139
0.0382235
0.0351162
-0.0326639
-0.018075
0.0113905
0.00386472
-0.0258863
-0.0165909
-0.0337611
0.00505198
0.00959938
-0.000193441
-0.0183339
0.00132338
-0.0175857
-0.0126259
-0.00672642
-0.00550846
0.00882971
-0.042774
0.026875
0.0141969
-0.000463644
0.000270203
0.026878
-0.00332329
0.00267133
-0.00589227
-0.0262322
0.0140526
-0.0320467
-0.00817876
-0.00302546
0.00394865
-0.036285
-0.0046303
-0.0108235
0.0248863
0.00586054
0.0135327
-0.002875
-0.016162
0.0168201
-0.0269343
-0.00482272
-0.00374497
-0.0412991
0.00634875
-0.012588
0.0576566
0.00958505
0.0378172
0.000525054
-0.0244032
-0.0023653
-0.00780928
-0.00458322
-0.0144057
0.00558625
0.020038
-0.0274788
-0.00264062
-0.00505812
0.0185529
0.00681649
0.0236643
-0.00190268
-0.038811
0.00185662
0.0207637
-0.024698
0.0495956
-0.00753191
0.00109924
0.0166636
-0.0125204
-0.0156605
0.0409358
-0.0225998
0.0159297
-0.0147128
0.0226705
-0.0137507
0.00580118
0.0232805
0.0288155
-0.00321583
-0.0299107
0.0369738
-0.00823198
-0.0241269
-0.0203451
0.010409
0.00834662
-0.0262783
0.0389901
-0.0266805
0.00211147
-0.00179521
0.0114038
0.0159512
0.0158458
-0.0113055
0.016421
0.0441465
-0.0136739
-0.0119923
-0.00903338
0.0102503
0.0216163
-9.72322e-05
0.0188303
-0.0464084
0.037025
-0.00519527
0.00662407
0.0175939
-0.0343987
-0.0153003
-0.0248812
0.0122011
0.0219868
-0.00438568
-0.0480655
0.0222334
-0.00882152
-0.00540713
-0.0020081
0.0300407
0.00219745
-0.0263172
-0.0059373
0.0215385
0.00895764
0.0115
-0.0123864
-0.000486161
-0.0211403
0.00702221
0.0127016
0.0260439
-0.0101418
-0.0161088
-0.0245373
-0.00664659
-0.00399471
0.0135624
-0.00490971
0.000620239
0.0245168
0.0016509
0.00961371
0.00543067
0.0202663
-0.0182909
-0.0612041
-0.0250337
0.0133853
-0.017207
0.00385449
-0.0352277
-0.0144026
0.0210677
-0.0237769
0.00230594
0.025395
-0.0116003
0.0222959
0.010584
-0.00565073
0.0464565
-0.00299168
0.0160228
-0.00188426
-0.0178498
0.0105461
-0.00463542
-0.00245127
-0.0220461
0.00826474
0.027268
0.0016857
-0.0325175
-0.0222314
-0.00648897
0.00545012
-0.0215211
0.00430994
0.0206685
-0.0104008
0.00383504
0.0105349
-0.0203891
0.00341643
-0.00600486
0.00580323
-0.0193185
0.0141273
0.0100702
0.0209428
0.0383801
-0.0124723
0.00287603
-0.0272864
0.00933634
0.0145377
-0.0246786
0.008712
0.0113229
-0.0601396
-0.00417177
0.015422
0.0058063
0.00961985
-0.0153821
0.0330344
-0.00250859
0.00960859
-0.00690758
0.0170699
0.00834559
-0.0200032
-0.00677453
-0.00998831
-0.010889
-0.0144313
-0.00498955
-0.0105911
0.0248976
-0.0314531
0.0037593
-0.00588204
0.0195989
-0.00650228
-0.0406113
-0.00109412
0.000423728
0.00509804
0.0113383
0.0240082
-0.00130393
0.0197801
-0.0172173
-0.00552074
0.00926469
-0.00230184
0.00221075
-0.00292311
-0.0230532
-0.0176727
0.0056149
0.0201762
-0.031318
0.0123219
0.00600383
-0.00598029
-0.0109995
0.015901
-0.0160802
-0.062552
0.00298554
-0.017033
0.0237748
0.00101531
0.00676327
0.030751
-0.0057674
-0.0125163
0.012633
0.0109422
0.00339187
-0.00712456
0.0324438
-0.0356208
-0.0168703
-0.00722691
0.00530171
0.00439899
-0.00787478
0.039202
-0.00425161
0.00896071
0.0163166
-0.0082238
-0.0132768
-0.0133464
0.0349545
0.00784101
-0.0254881
0.00233255
0.00127323
0.000611028
0.00108081
-0.0117651
0.0302894
-0.00261606
-0.00790344
-0.0192909
0.00241955
-0.00179624
0.00178088
0.0264349
0.0380383
0.00503765
0.0175867
-0.0205232
0.0190954
0.0166073
-0.00244513
0.00315544
0.0018034
-0.00909172
0.00797509
0.0463286
-0.00957993
-0.000812656
0.00998216
0.00809177
0.00594345
0.0198077
-0.00587078
-0.0172766
0.00559034
-0.0184076
0.0149983
-0.0486304
-0.0188416
0.00230082
0.019908
-0.0104008
0.0154763
-0.00590353
0.0223839
0.0199909
0.0181149
0.00302853
0.0190493
0.0200503
-0.0303078
0.0210318
0.031015
-0.00141959
0.00751861
-0.0014462
-0.0622255
-0.0381467
0.0165919
0.00268259
-0.0187955
-0.00482067
-0.00118828
0.0181845
0.0277695
-0.00822687
-0.0161651
0.0310734
0.00419531
0.000563947
-0.0152634
-0.0404865
-0.0139799
-0.0313436
-0.0100743
-0.0335441
-0.00638764
0.0332217
0.0312453
0.0172817
-0.0328368
0.00363751
-0.0224095
0.00978668
0.00530581
-0.0210871
0.0138755
0.0071829
-0.0117354
-0.0309925
0.00123945
0.0197248
0.0139523
-0.0376401
-0.0350476
0.0123024
0.0269016
-0.0122533
-0.00718392
0.00237554
-0.00354437
-0.0216173
-0.00782361
-0.0478649
0.000379717
0.00939058
-0.0118214
0.00735792
-0.0144815
0.011935
-0.013328
0.0360568
-0.0147517
-0.0112073
-0.0133771
0.0130864
-0.0126228
-0.0216203
0.0034717
0.0120271
-0.0245404
-0.0201721
-0.00452079
0.0520387
-0.0124938
-0.0292536
0.00750735
0.0382859
-0.023044
-0.00726887
-0.00437852
-0.0152941
-0.00305309
-0.0145879
0.012196
0.0210257
-0.0101398
0.0259344
0.0270019
0.000508678
-0.00274502
0.0235374
0.00682672
-0.00617373
-0.0478976
-0.0211659
-0.0410177
-0.00144518
0.00175018
-0.0158222
-0.0150208
0.00874578
0.0262271
-0.00104192
0.02801
-0.000982557
0.0194853
-0.00427617
-0.00676941
0.000474903
-0.0103076
0.0256355
0.00439387
0.011064
0.0511759
0.0174885
0.00522188
0.000270203
0.0416819
-0.0165172
-0.024002
-0.0169952
-0.0271657
0.000145337
-0.0110108
0.0041165
-0.000548594
-0.0145777
0.0166093
0.00822175
-0.00116986
-0.0464309
0.0045648
0.022215
0.0306803
0.0171773
-0.00867209
-0.00137456
0.0401907
-0.0131765
0.0250184
0.0126678
0.00105727
-0.000873043
0.0187126
-0.000451362
0.0263776
-0.0216255
-0.00168979
0.0241074
0.000138172
-0.00867823
-0.029488
0.00205928
-0.00712661
0.0168437
0.0105338
-0.00373883
-0.0237574
0.00470604
0.0110261
0.0205477
0.0120118
-0.0272977
-0.00370301
0.0229591
-0.00334683
0.0327017
0.00102759
-0.0247338
0.00273683
0.0130414
0.0125655
-0.0248751
0.026572
-0.0157475
-0.0191906
0.00342769
0.0120998
0.0508893
0.00638867
-0.0112533
-0.00309608
-0.0339566
-0.0359483
-0.0109514
0.000643779
0.0135204
-0.00866799
0.0155715
-0.0262568
0.00748483
0.00489539
-0.0168263
-0.0229407
0.0409655
-0.0154671
0.0117948
0.0311337
-0.0399716
-0.00109514
-0.000517889
-0.00620341
0.00902519
0.00304388
-0.0178303
-0.00516559
0.0391999
-0.0299158
-0.00748176
-0.0260081
-0.00827497
-0.0376565
-0.00973857
-0.00740602
-0.00498238
-0.0152266
-0.0180975
0.0144579
0.0163289
-0.00571521
-0.0276835
-0.0113055
0.0159594
0.0174957
-0.0344304
-0.0325963
0.0243203
-0.0169726
0.00380638
0.0467032
0.0236203
-0.0160832
-0.0605583
0.00316772
0.00605501
-0.0161958
-0.0253725
0.00877239
-0.0342462
0.0067602
-0.00368254
0.00993304
-0.0284542
0.0249283
-0.00463439
-0.0467861
-0.0218506
0.00819207
-0.0306414
-0.001002
0.0552125
-0.00113199
-0.0423482
0.00784817
-0.0293969
-0.00957584
0.0168846
0.0316209
0.00471218
-0.0187822
-0.00987572
-0.0171364
0.0134467
0.0125368
-0.0109934
0.0098358
0.00359145
-0.00498955
-0.0240061
0.00522086
-0.000284532
-0.013807
-0.000209817
0.00392102
-0.0125419
-0.00120568
-0.0102616
-0.0164988
0.0229274
-0.00437033
-0.0136811
-0.000215958
0.0235312
-0.0136975
-0.0131151
0.0194812
-0.0204208
0.0221751
0.0202878
-0.00328235
0.00603965
-0.0156575
0.00728116
0.00375419
0.0033847
0.00717267
0.00141959
-0.0248925
0.025307
-0.00331101
-0.00515535
0.0143095
0.00440206
-0.00522393
-0.0240859
0.0515024
0.0125941
0.0279568
-0.00873964
-0.00887372
-0.0102186
-0.00563333
0.000714401
0.0164937
-0.011237
-0.0199224
0.0120169
0.0139124
0.0342994
0.0183697
-0.00874578
-0.0235107
0.0265495
-0.0114847
0.0263131
-0.0200063
0.0184547
0.0364498
0.0118736
-0.0263448
0.0342247
0.00299578
0.00552586
-0.00246356
-0.0109627
-0.0111316
0.0165458
0.0361284
0.00170003
0.016813
0.0010235
-0.0338378
0.0144293
0.0110036
0.000810609
0.0126289
-0.0215026
0.0253592
0.0148929
-0.00451976
-0.0120292
0.000419634
0.0298226
0.0141324
0.0291359
-0.0221474
-0.0154057
0.0054839
0.0331418
-0.0187822
-0.00361192
0.000614098
-0.00880719
-0.0147424
0.0132522
-0.0116065
0.0112329
0.0146135
-0.0156933
0.00340313
0.0233153
-0.00331818
0.0204075
-0.0197033
0.0112912
-0.0207043
0.0343844
-0.00455661
-0.0378786
-0.00523416
0.00586566
-0.0248423
-0.0019078
0.0040858
0.00460471
-0.0194894
-0.0186839
-0.0196696
-0.0151662
0.010366
0.0120496
0.00225169
-0.029402
0.00505607
0.0271073
-0.0138643
0.0161774
0.0260828
0.0144119
-0.045607
-0.0370219
-0.0144354
0.00607036
-0.0457953
-0.00309608
-0.0116259
-0.0169737
0.00488617
-0.00960449
0.00450953
-0.0159164
-0.0175386
0.0050223
-0.0083548
0.0240982
0.0286876
0.0184311
-0.0321972
0.0233552
-0.052751
-0.0326721
0.0272148
-0.0225579
-0.0196696
-0.0225845
0.00861989
-0.0271759
-0.000441127
-0.00204392
0.0100108
0.0160228
-0.0370598
0.0204484
0.00967102
0.0139124
0.0344939
-0.0103445
-0.0214187
7.57388e-05
-0.00267849
-0.0121673
-0.0135685
0.00257205
0.000515842
-0.0224095
0.0200943
0.0139718
-0.00450339
-0.0323691
0.00605603
0.0200513
-0.00151887
0.0199254
0.0338429
-0.0098358
-0.00813066
-0.012587
-0.0303825
0.0336157
-0.0146667
-0.00578787
0.0111295
0.0108634
-0.0112943
0.0434362
0.0345492
-0.0203553
0.0160976
0.00203881
0.00739374
-0.0245056
-0.00640095
0.02165
0.0254789
-0.0144456
0.0261329
0.00399061
-0.0107375
-0.0204055
0.00247993
-0.0336956
0.00461085
-0.000161712
0.0164855
0.0132707
0.0149359
0.00999138
0.000978463
0.0200329
-0.0198917
0.0373975
-0.0348961
0.0132973
0.021429
-0.018991
0.0355829
-0.0031667
-0.0180064
0.0264216
0.017204
-0.00283816
0.000924218
-0.0307141
0.0151263
-0.0147844
0.0247031
-0.0205447
-0.024391
-0.00365491
0.0355829
-0.0117395
-0.000688813
0.0337498
-0.0281277
0.00309812
-0.00916132
-0.0199613
0.0606893
-0.0087335
-0.0191793
-0.00767725
-0.012285
0.0320815
-0.036545
0.00838346
0.00265802
-0.0138889
-0.0235067
0.0200902
0.013938
0.0145224
0.0172848
-0.0187668
0.0171037
-0.0144037
-0.00267849
0.0223695
0.0118193
-0.0233419
0.0018034
0.0150556
0.0170596
0.00257614
-0.0266273
-0.00769363
0.00438261
0.0138223
0.0168191
-0.0309925
-0.0110916
-0.00921454
-0.0298493
-0.0121028
0.0110323
-0.00955741
-0.0110824
-0.0177505
-0.0179736
0.0247625
-0.00459755
0.027571
0.00938751
0.0364744
0.0107365
0.0437872
0.0128899
-0.000641732
-0.0113444
0.0299076
-0.0177853
-0.0237902
0.00381355
0.00743673
-0.00953694
0.00432018
-0.00617169
0.0148254
0.0030664
-0.015246
-0.0338327
0.0022435
-0.0389809
0.00524849
-0.00754931
0.023914
-0.0132727
-0.0132563
-0.0148499
0.022435
0.0075094
-0.00169184
-0.0140925
0.0165274
0.0546998
0.0109903
0.0310989
-0.0190012
0.0290264
-0.0118726
-0.0354283
0.0228311
-0.0272629
0.0417669
0.0304562
-0.0117835
0.003659
0.00912652
-0.0188804
-0.0540816
-0.00548492
-0.0229826
-0.00178498
-0.00593219
-0.00251166
-0.0101951
0.0658804
-0.00707032
0.0228618
0.0197238
-0.00358429
-0.0274277
-0.0437883
0.00424751
-0.0227401
0.00835583
0.00256898
0.0039466
0.0220666
0.0214433
0.00403053
-0.0015813
0.0248433
0.00731698
-0.018687
0.00706213
0.00438261
-0.0140127
-0.00257307
-0.0299496
0.0110098
0.0200605
0.0172152
-0.0191332
-0.035153
-0.0157936
0.0125122
-0.0305892
0.0145654
0.00973038
-0.00719621
0.00480736
0.0168375
0.00755034
0.0120107
-0.00389236
-0.0357067
-0.0120128
0.00675815
0.0217002
0.0134058
-0.0104315
-0.0286323
-0.0422581
4.60574e-05
-0.0118132
0.00773252
-0.013374
-0.00908967
-0.0086332
0.00796383
0.02056
0.00771307
0.0179695
0.00623821
-0.015901
-0.00853699
-0.00150863
0.0220553
0.00324141
-0.0182367
0.00692396
-0.0162695
0.00287296
-0.00596699
-0.027007
-0.0120875
-0.0591438
-0.0137497
0.00967512
0.00461188
-0.0168856
-0.0116085
-0.00332125
0.0248239
0.00572646
0.00281564
0.0186225
-0.0116433
0.0117876
0.00444095
0.0112134
-0.0110927
-0.00998114
0.014723
-0.005445
-0.0379083
-0.00771102
-0.00587999
-0.018121
0.0173524
-0.0202335
-0.0087294
0.00973141
-0.0296425
-0.0260695
0.032583
0.00395377
0.0215958
-0.000423728
-0.00363341
0.0147005
0.044081
0.0205661
-0.0118429
-0.0125829
-0.0142819
0.0308021
0.00787274
-0.0203512
-0.0180811
0.0044911
-0.031495
0.00313906
0.00480327
0.00624947
-0.00671721
0.00318922
-8.80207e-05
0.0240133
-0.0248167
0.0220318
0.00590148
-0.0192673
0.0162593
0.00601714
0.0230031
-0.00683901
0.0391805
0.00133669
-0.0169286
0.00534265
-0.00590455
0.00498443
0.0109258
0.0306527
0.0282618
-0.0152071
0.0157741
-0.000457503
0.00986958
0.0173298
0.00834764
0.0160157
-0.0191854
-0.0161723
-0.0040858
0.00821561
-0.0142798
-0.0359913
-0.00533242
0.00424342
-0.00979486
0.0145899
0.03402
0.0285228
0.0210492
-0.0338225
0.0087335
0.0286845
0.033714
0.00382071
-0.0112933
-0.0392347
-0.0429756
0.0323609
0.0311317
-0.0101388
0.00532935
0.0300632
0.00241545
-0.000421681
0.0251514
-0.0175397
-0.00905897
0.0259098
-0.0275536
-0.0139451
0.0222866
-0.0342196
-0.0417259
-0.0127661
0.0448159
0.00131212
0.0286661
-0.0435262
-0.0254001
0.02291
0.0404435
-0.0287296
0.0126115
-0.0290202
0.00511134
0.0203072
0.00843054
0.0202908
-0.0012282
-0.0148407
-0.0412009
-0.0119473
-0.00301215
0.00173687
0.00263141
0.026964
-0.0441444
0.00713377
-0.00228752
-0.0040684
-0.0109913
0.0424424
0.019036
0.0115
0.00999138
-0.0330395
0.00599871
-0.00780928
-0.0118654
-0.00886144
-0.0227861
-0.0322739
-0.00166421
0.00278289
-0.000158642
0.0194997
-0.00155264
0.0164722
-0.00838653
-0.00192315
-0.00895457
-0.00788707
0.0284706
-0.0135306
-0.0226009
-0.00510315
0.00882254
0.0082371
0.0308769
-0.0223102
-0.0178631
0.0103189
0.00396912
-0.00346863
0.0253182
0.0105891
0.0260859
-0.00625254
-0.00240829
0.00912447
-0.0239785
0.0171272
-0.0128776
0.00114222
-0.0189941
0.0168263
-0.00969558
-0.0331726
-0.0370782
0.00336014
0.012282
0.0208967
-0.011544
0.0338276
0.0299526
0.0207708
0.0264922
-0.0126504
-0.0106669
0.0107928
0.0153095
-0.0173646
-0.00730981
-0.0126525
-0.0380168
0.00659439
0.0341971
0.0109862
0.0265034
0.0169123
0.0191281
-0.0288094
-0.049526
0.00272967
0.00918895
0.0181896
0.0216582
-0.010934
-0.011021
-0.0058892
-0.0112411
0.0140639
-0.0365675
-0.000567017
0.0010583
-0.00101633
-0.00220973
0.0384067
-0.00745924
0.0193727
-0.0286845
-0.0107866
0.0348429
-0.0252456
0.0359032
-0.000945711
-0.00491074
0.023175
-0.0387864
-0.00966693
-0.0357569
0.000705189
0.0587497
-0.0193165
0.0254288
-0.0196174
-0.0410658
-0.0176471
-0.0354058
-0.0146667
0.0183922
-0.0167024
0.00254953
-0.0243705
0.0188508
0.0235476
-0.0106198
0.00560876
0.00562719
-0.0280264
0.00538155
0.0108306
-0.00531809
-0.0154814
-0.00684617
-0.0061809
0.00713275
-0.0179849
0.0104479
0.00873145
0.00298861
-0.00549515
-0.054014
-0.0118173
0.0140219
-0.0291052
0.00689427
-0.0254104
-0.00589329
0.0288012
-0.00425672
-0.00866492
0.0477963
-0.0254503
-0.00793722
-0.0419409
-0.0226694
0.0359841
-0.0106945
-0.00551562
0.00618192
0.0261944
0.00231515
-0.0412295
-0.0509343
0.0179757
0.0117416
0.00968842
0.00716448
0.0167495
-0.0229161
-0.0117201
0.021691
0.00694852
0.010629
-0.00442253
0.0178078
-0.0158581
0.00482886
0.000399164
0.0103117
0.00770591
0.00281155
-0.0175192
-0.0540836
-0.0104345
0.0087642
-0.0293654
-0.010301
0.00697838
0.0379226
0.0286133
-0.00476493
0.016325
-0.00800857
-0.00432082
-0.00903926
0.0133344
0.00393767
-0.0116862
0.00562952
0.00596244
-0.0192205
0.00586722
0.031708
-0.0314884
0.0146725
-0.0341043
0.0233569
0.00949239
0.0138495
0.00929141
0.015428
0.00172565
-0.00196518
-0.0243184
-0.029015
0.0235818
-0.045407
0.0192029
0.00649705
0.00556092
-0.0332369
-0.0119847
-0.00338626
-0.0280438
0.00773696
0.00849518
0.014254
0.00564045
0.0249777
0.00541531
0.00251322
-0.0269083
-0.0167064
0.00339911
0.0209942
-0.00166435
0.0120457
0.0236623
0.0165897
-0.0334117
-0.0020211
-0.00935148
-0.0123285
-0.0170292
-0.00608747
-0.0109567
-0.0135911
-0.0304073
0.00500829
0.011122
0.00640676
0.0181474
0.00904706
-0.0157064
0.00409338
-0.0167885
0.0234546
-0.00817162
0.00259398
0.00518227
-0.00716871
0.00271131
-0.0126119
0.0114677
-0.000354077
0.0142667
0.0104142
-0.0218903
-0.00952762
-0.0120269
0.00331199
0.00201803
-0.00662869
0.0196701
0.0198598
-0.0124421
0.00570482
0.00377937
0.0148842
-0.0118521
0.0112776
-0.0197307
-0.00167427
-0.00621318
0.00924386
-0.00426235
-0.00364686
-0.00973403
0.00640539
-0.00302903
0.00844152
0.00725191
-0.00222617
0.0023327
-0.00909866
0.00423628
-0.000122602
-0.00128598
-0.0016636
0.0103833
-0.00734517
-0.0104234
0.0223908
-0.00806253
-0.00439678
0.0184253
0.000595114
-0.00332972
0.00127772
0.00669977
-0.00263466
0.000329106
0.00723262
0.000525541
-0.00301651
-0.00864929
-0.00281475
-0.00288155
-0.000613794
-0.00924288
-0.00444895
0.00128243
-0.00183181
-0.00469583
-0.00103094
0.00423751
0.00280209
-0.000314092
1.99196e-05
-0.00472189
-0.000631261
0.00247449
-0.000361955
0.00318874
0.00346334
0.00476998
0.000555717
-0.00233343
0.00183674
0.000399241
-0.000825936
-0.000818754
0.00332321
-0.00234707
-0.00112557
-0.00420027
-0.00133533
0.00115609
8.41474e-05
-0.00113814
0.00023965
-0.00125278
-0.00159252
0.000484934
0.000353148
-0.00132934
0.000927779
-0.000946547
-0.000196159
0.000156357
0.000512496
0.000305529
0.00182479
-0.00028449
0.000184918
0.000565491
-0.000598896
-0.000147642
0.000284272
0.000422829
6.55106e-07
-0.000318521
0.000266989
0.000137535
4.84784e-05
2.42556e-05
-3.90197e-05
2.04329e-05
-2.25073e-05
-2.76621e-06
-1.94528e-05
8.43997e-06
1.12157e-06
-0
0
0
0
0
0
0
0
0
0
0
0
0
0
0
0
0
0
0
0
0
0
0
0
0
0
0
0
0
0
0
0
0
0
0
0
0
0
0
0
0
0
0
0
0
0
0
0
0
0
0
0
0
0
0
0
0
0
0
0
0
0
0
0
0
0
0
0
0
0
0
0
0
0
0
0
0
0
0
0
0
0
0
0
0
0
0
0
0
0
0
0
0
0
0
0
0
0
0
0
0
0
0
0
0
0
0
0
0
0
0
0
0
0
0
0
0
0
0
0
0
0
0
0
0
0
0
0
0
0
0
0
0
0
0
0
0
0
0
0
0
0
0
0
0
0
0
0
0
0
0
0
0
0
0
0
0
0
0
0
0
0
0
0
0
0
0
0
0
0
0
0
0
0
0
0
0
0
0
0
0
0
0
0
0
0
0
0
0
0
0
0
0
0
0
0
0
0
0
0
0
0
0
0
0
0
0
0
0
0
0
0
0
0
0
0
0
0
0
0
0
0
0
0
0
0
0
0
0
0
0
0
0
0
0
0
0
0
0
0
0
0
0
0
0
0
0
0
0
0
0
0
0
0
0
0
0
0
0
0
0
0
0
0
0
0
0
0
0
0
0
0
0
0
0
0
0
0
0
0
0
0
0
0
0
0
0
0
0
0
0
0
0
0
0
0
0
0
0
0
0
0
0
0
0
0
0
0
0
0
0
0
0
0
0
0
0
0
0
0
0
0
0
0
0
0
0
0
0
0
0
0
0
0
0
0
0
0
0
0
0
0
0
0
0
0
0
0
0
0
0
0
0
0
0
0
0
0
0
0
0
0
0
0
0
0
0
0
0
0
0
0
0
0
0
0
0
0
0
0
0
0
0
0
0
0
0
0
0
0
0
0
0
0
0
0
0
0
0
0
0
0
0
0
0
0
0
0
0
0
0
0
0
0
0
0
0
0
0
0
0
0
0
0
0
0
0
0
0
0
0
0
0
0
0
0
0
0
0
0
0
0
0
0
0
0
0
0
0
0
0
0
0
0
0
0
0
0
0
0
0
0
0
0
0
0
0
0
0
0
0
0
0
0
0
0
0
0
0
0
0
0
0
0
0
0
0
0
0
0
0
0
0
0
0
0
0
0
0
0
0
0
0
0
0
0
0
0
0
0
0
0
0
0
0
0
0
0
0
0
0
0
0
0
0
0
0
0
0
0
0
0
0
0
0
0
0
0
0
0
0
0
0
0
0
0
0
0
0
0
0
0
0
0
0
0
0
0
0
0
0
0
0
0
0
0
0
0
0
0
0
0
0
0
0
0
0
0
0
0
0
0
0
0
0
0
0
0
0
0
0
0
0
0
0
0
0
0
0
0
0
0
0
0
0
0
0
0
0
0
0
0
0
0
0
0
0
0
0
0
0
0
0
0
0
0
0
0
0
0
0
0
0
0
0
0
0
0
0
0
0
0
0
0
0
0
0
0
0
0
0
0
0
0
0
0
0
0
0
0
0
0
0
0
0
0
0
0
0
0
0
0
0
0
0
0
0
0
0
0
0
0
0
0
0
0
0
0
0
0
0
0
0
0
0
0
0
0
0
0
0
0
0
0
0
0
0
0
0
0
0
0
0
0
0
0
0
0
0
0
0
0
0
0
0
0
0
0
0
0
0
0
0
0
0
0
0
0
0
0
0
0
0
0
0
0
0
0
0
0
0
0
0
0
0
0
0
0
0
0
0
0
0
0
0
0
0
0
0
0
0
0
0
0
0
0
0
0
0
0
0
0
0
0
0
0
0
0
0
0
0
0
0
0
0
0
0
0
0
0
0
0
0
0
0
0
0
0
0
0
0
0
0
0
0
0
0
0
0
0
0
0
0
0
0
0
0
0
0
0
0
0
0
0
0
0
0
0
0
0
0
0
0
0
0
0
0
0
0
0
0
0
0
0
0
0
0
0
0
0
0
0
0
0
0
0
0
0
0
0
0
0
0
0
0
0
0
0
0
0
0
0
0
0
0
0
0
0
0
0
0
0
0
0
0
0
0
0
0
0
0
0
0
0
0
0
0
0
0
0
0
0
0
0
0
0
0
0
0
0
0
0
0
0
0
0
0
0
0
0
0
0
0
0
0
0
0
0
0
0
0
0
0
0
0
0
0
0
0
0
0
0
0
0
0
0
0
0
0
0
0
0
0
0
0
0
0
0
0
0
0
0
0
0
0
0
0
0
0
0
0
0
0
0
0
0
0
0
0
0
0
0
0
0
0
0
0
0
0
0
0
0
0
0
0
0
0
0
0
0
0
0
0
0
0
0
0
0
0
0
0

